$ANSIBLE_VAULT;1.1;AES256
35313234343265343735613236313230356261653234353666616163613837383536613732383332
3135633734666563363230306165323063623835326530340a613262376562626165643932346565
38356234353939356261373035303836613939383131306235623839616565323035666666303836
6230373437306333370a646564633033333035653761663530373538366137363036633163303764
37383831636263653436323638306263336666383636643637613663336531386666353134383035
61316132623835616530383632356232663362366333333362636236323465386462343663636164
63636638366462336666376636336239653963373361333161613066306162343034653064356465
39363031663963353161376332333963653035336464616234366136353331613232663730616131
62623839643362353062363462626230383862633733653261393264313737326235623862343230
65393563396162626135373632306230353235303035343130636439316337383737633738613431
61326263336462366565333531323937613037643466356335343233346533653336663739383939
63303765353033373134666134653831366530333231303363666166383964633661623330663336
33343339323266343533643764643232613033663262623262656131666261646434633938336130
37373437666630323937626164636566323661313231323931323663353834333266383538386434
34396436343032383633316133306132633766653464653734613936303134343337333162646563
39316533643632356138306238643038353766623832323461313239323461353733326336623535
65613363363464613261613137623138656261363066653864313133356362616164353365623436
33353934643538313232326432356262666131666137633038363334666230386232653438323238
30656466363339643937663735643266666632336332383566616137313636346362326364353430
66383466363239386264663134316266303130653162316462333238623362363666623963643166
6462
